434084 120662 146615 483199
69868 298843 391189 450658
45881 226282 141345 75049
393139 449487 146278 299588
318854 78415 261495 128115
42786 389332 322225 282528
466137 494923 200535 376319
257477 492379 129182 132379
480403 6833 154066 201367
399561 47652 164054 256250
443322 128749 307608 99447
197788 240138 44859 393944
485175 6889 344096 180366
166514 135763 390456 92112
27946 182913 191202 94621
341208 155120 371304 296163
452702 507362 168520 111299
353876 389847 403387 111408
306594 81638 341093 380190
160433 21125 361864 480152
253150 6727 409084 18317
423466 161889 411146 467532
37255 343998 371002 52148
497841 378581 343372 8992
281380 334591 221497 326674
97051 472660 442684 235378
251936 314661 268882 98056
350527 365833 402585 318005
288055 408573 37475 194048
215631 513918 283084 452036
333871 50384 216668 49753
51955 448141 290975 206693
172357 84031 47373 226732
285418 52761 2579 273461
335464 323989 287545 349820
390838 255512 265132 239800
238346 13486 293719 419892
159561 203235 235780 107443
245807 246712 258950 382016
307932 199014 337803 323717
219194 511021 9530 183490
433143 255936 310723 486847
260496 362149 522713 147786
151578 381254 294109 5289
377673 64481 194952 323258
301507 454970 301702 246861
212447 378356 441766 524246
253952 87262 189840 200439
13237 102613 483706 519493
228754 374667 62090 347455
214148 469948 464153 48481
108242 377086 27687 12162
14663 423041 273451 473742
29985 393389 472527 144865
186832 145897 515258 465235
133075 367960 383087 350559
471648 61824 211859 275999
216563 38846 297723 524251
38343 78312 296453 125488
377505 384639 75936 242500
413450 187754 38459 397582
64198 326383 335404 368291
497233 28294 100691 241638
389712 265311 218105 109718
362855 60084 42645 157648
164349 420371 300635 386371
92364 399106 460753 429118
338676 165216 38767 76018
77405 236074 291328 124121
331286 22417 437544 416034
170559 64890 268359 456206
435659 158534 119154 486618
512596 508628 59940 335855
10392 244300 323584 516728
396789 111919 253565 19520
439781 329503 502056 357402
242388 481851 245257 68852
91859 381280 55125 351266
13087 348764 35095 211061
221529 219530 400208 363141
175858 399656 345127 394183
405600 278038 321575 517466
147180 326899 242868 454604
5870 267816 388758 91417
321186 491898 199296 382442
160544 470821 221872 449270
36572 172347 501093 435600
144722 291569 374833 348794
396177 123994 236021 206407
57882 332619 275959 222836
120629 268479 370909 344970
259894 145196 262017 222181
90009 334947 231735 119946
107850 326378 307866 462590
191402 314098 115808 495399
49607 37361 496006 459027
397382 315006 246956 92522
233822 102606 206924 93210
9003 240822 385329 345652
431007 88845 169002 495337
310867 241445 130511 314565
140403 123140 384273 57862
128600 132419 192596 36791
314885 449753 511083 401503
226399 469335 95257 496418
71851 39496 81233 152057
442366 186995 232356 116996
160123 321578 269078 303359
495393 186538 69243 296977
9541 476228 141371 38054
473438 293651 492003 440545
310782 317522 439084 43441
167617 513533 508413 8496
291294 13320 828 20184
133624 195041 474292 63583
280960 428505 500144 325893
197638 480893 169121 118229
409111 336813 155548 464416
139624 416280 163081 364951
78744 419995 180821 355934
171779 381931 481745 131038
446473 285235 60717 112463
424869 291240 241669 53208
450314 417584 412887 273235
124610 221393 215366 392937
434017 31174 344667 247391
441844 401135 125170 118083
484343 186183 155058 352165
113665 111599 161761 90430
85846 149040 143825 432863
411300 344467 342002 340348
228004 480796 262816 441151
435098 191144 333659 78086
74168 368306 104380 442222
70885 7145 300821 488306
1930 46960 59191 388957
13500 480068 201646 309619
21400 482901 249777 280948
127468 20842 119502 232192
333096 253555 191776 242227
437723 427321 364398 305150
206313 456348 407102 332434
347334 183155 440426 251471
9708 22567 467318 270051
231238 504995 185311 394506
333069 331927 74649 342928
370528 15882 181378 355035
30192 422823 507593 145414
483168 390149 344190 113170
136839 300662 42120 190388
31141 30895 102432 214204
283285 500565 334973 27663
53538 333973 334786 149772
405658 370725 264768 410851
132408 293151 169298 494531
199631 129748 380052 93946
128961 393374 359873 114523
436127 243339 1443 128139
75896 183385 114373 250332
107767 343079 497791 4820
253199 7190 146760 372058
109408 109110 339641 220476
444315 369922 488123 29944
201812 279700 227672 171164
43064 302838 377064 300931
96396 519951 233118 177182
439210 129339 54920 489152
267047 197059 445466 284167
210856 232487 297314 409929
266854 314446 297477 483447
482904 101357 361422 153395
68971 482229 484638 186694
170344 115747 51409 223261
183583 511550 330777 317217
192303 368260 24630 449399
440758 199036 45485 129693
342244 263055 115019 188696
365301 385707 456971 329739
240171 68680 305468 410105
103131 256810 68944 344536
401111 178626 479922 52395
386886 406392 459110 202405
350930 470568 236199 202545
389295 34057 12248 61017
197405 59818 388207 113575
248931 180183 344501 313291
203548 196968 487153 506158
383905 446278 9908 136604
174967 141438 458907 440302
486932 353178 152640 40620
458469 214312 89528 438908
178789 440170 497513 80728
203549 284486 130576 284650
313610 467744 229064 337981
196666 232446 127933 442152
177428 142214 83437 282642
272894 238271 116909 306718
92482 458392 30927 320864
447201 456520 166475 473348
319714 524190 209359 393911
259096 350924 60124 213168
440683 94811 393608 170549
172596 71844 292033 385322
522990 59289 275429 374393
384068 405945 82772 211537
206253 308673 411025 287671
462677 263228 425507 31848
54922 393935 169531 388389
373420 492073 296000 244185
110843 155632 290819 346484
454404 416565 84887 6557
58465 391055 458838 61201
460524 64527 234231 96134
150376 507707 479940 516656
295582 162278 523852 369466
26124 448293 23982 161162
148770 191144 155203 517260
506241 112094 240784 111846
166531 94987 217531 53983
277554 295173 37570 503727
15271 356124 362850 204009
125671 268321 286405 212877
483499 82224 355526 133415
291373 138826 443267 503650
347622 44072 402455 104416
177816 282428 326919 373200
153248 241395 241523 43106
18403 502597 383152 351569
28691 372662 472108 494396
139627 61214 154525 230960
143125 57922 324925 171482
146262 514304 403549 377616
72095 170765 212664 355697
253097 514526 275176 281295
490229 252923 234819 81762
305974 292949 498918 117410
522222 322405 75592 145585
369939 440406 348017 395535
131052 200112 133394 81996
364527 235362 187003 152043
499780 389488 371667 256978
4411 126723 490098 228968
440480 160927 425309 222297
389619 3285 409915 417632
19625 162219 239418 386129
505495 88860 439934 427907
374262 117535 345375 152129
31069 124410 301097 213373
82298 316256 218021 282256
395176 61519 400704 297335
372386 472267 1093 133151
138545 459143 395726 84509
212176 335375 60352 212995
96164 204341 107386 454033
444182 382390 175095 305639
220222 417655 16810 508908
24460 249222 499541 130660
340027 492708 430934 321791
128979 155725 218759 328700
361977 346654 9339 120538
298877 228499 311040 390085
240459 305576 218900 21382
187234 413366 102539 142212
350347 229262 416057 493588
323744 172885 35474 171830
227221 320025 305379 334007
501100 269956 385160 129327
329165 449343 483115 293921
392431 19293 92267 123625
119494 413075 32846 270746
299841 295268 291892 218422
165908 504612 306965 310613
221267 442633 189975 114581
196100 459949 156942 95888
273916 504421 106923 323087
518532 97817 201190 260769
381023 285455 19146 341440
77142 91050 7540 155027
20744 359592 499200 416006
294684 190641 12825 60254
375209 363139 300614 461251
74804 78860 73902 322329
318899 171042 11897 467165
456088 251940 225242 449721
411771 454479 408057 232603
514327 43316 444516 518440
431044 180413 397494 98129
221794 265935 332869 241418
430933 80713 118251 79927
169835 285569 380059 4737
467856 444085 313073 21209
356965 171250 209290 132567
78967 500495 356230 447763
163517 258579 261077 91908
460437 27434 495328 270340
291189 70689 214968 282493
427452 104453 435829 45452
311620 511446 100465 448766
241973 202250 334235 298915
131063 109914 459936 281137
430934 321791 39296 323382
300983 399513 101187 440243
323308 326438 244582 372331
141470 361170 434043 201116
20306 139448 314153 318633
400125 368658 244314 140494
314872 93184 382602 311517
113568 486070 202936 229309
65075 230234 324661 517562
87671 76269 227704 393940
445687 223844 166094 485672
38342 394730 190880 314128
94153 315278 205629 145023
230480 164774 342020 149212
367904 190068 415561 480663
274161 32162 416025 212701
74825 35658 52967 477390
137735 427967 89825 416439
5876 379778 31523 133209
104080 429761 369529 394719
213697 260709 460533 173669
176287 411938 392429 419362
11973 257764 68953 433525
210145 386421 280277 306864
128068 299299 162173 341028
21981 26197 511423 506369
508578 417008 483186 175447
310556 99500 424541 112248
121856 329703 448388 266315
379655 454078 410463 52442
31919 101937 289061 138203
448389 36280 298693 153457
313427 125126 278345 524004
270202 201911 405865 228549
61623 497520 417521 374946
396467 255826 244216 477245
156460 484318 21723 240877
423520 64441 392557 351443
471030 355376 144540 181048
250422 284674 52987 35102
409030 326759 371295 265540
353748 497052 196725 2602
438813 355148 2546 328802
251692 376414 55502 11013
220393 519698 518658 152385
500788 77705 500637 94565
218370 155430 97723 308506
2038 355462 308328 215910
142127 321332 78060 148732
45228 80105 42017 246170
97012 515018 451141 266873
75502 393772 351516 254011
225101 366464 107690 495687
411244 438032 470356 310638
499782 131021 455951 511098
504597 80073 352904 155321
456918 518582 374204 487504
593 86072 462230 224971
140785 253193 266220 140349
175343 222242 442043 496943
40027 26387 354032 433379
333048 250241 246119 301971
205201 251318 238904 389726
275849 122719 394821 287596
199667 418229 68386 25047
316943 108047 270827 504939
259905 6278 384572 356556
482756 225408 368018 122504
401676 45527 30338 3513
472750 440061 402985 72059
267571 141945 450585 489888
182949 223372 484115 219784
122190 303705 325313 140093
83800 222078 62403 330625
498408 295952 284293 508057
340996 232202 202743 113651
239464 452413 117166 198230
306481 132086 384467 430341
465296 392859 86649 209624
465415 337376 247713 408127
491762 280201 466422 500655
502676 166224 265433 462430
15343 16897 148005 331892
465814 420366 2278 41368
94714 47806 226298 270924
269804 376762 382620 56823
461916 469099 369183 256702
167706 101428 404343 305081
216563 38846 141185 150669
208044 477849 465985 278887
197790 327280 200140 434063
66181 354086 387181 345632
164321 461534 331084 357461
211242 108360 361776 143849
502491 138125 265138 279248
468715 143470 404596 144529
391344 221890 99666 216831
91177 90239 427719 346504
498357 382277 53717 127155
416103 94807 258257 4379
42192 409937 230922 463629
260849 374171 451127 362833
329642 90799 248381 263938
7594 416810 360349 54401
137654 226233 432648 476407
207851 339575 377455 442337
404761 352566 390275 392295
231501 409653 261412 505936
291041 192110 430318 266914
325386 355611 165938 419351
372355 507992 423536 425507
285230 225504 451226 250501
233038 173351 80631 437170
457048 518755 385083 366393
164936 121813 392637 218171
467127 483230 484620 442686
412354 97932 280323 176368
197121 147755 196360 523528
147439 42212 224881 187105
89889 434087 392540 93685
422090 106554 336951 81899
102538 396928 84652 478903
439685 147652 300066 315714
479957 209824 434605 228463
67338 317509 472727 467259
3609 47317 97874 372848
102270 332531 448336 239208
352941 220962 8825 63505
434514 6380 257605 281016
65602 312811 418020 432028
96403 418717 301965 520627
10275 419628 505985 195218
481934 228272 415893 407402
496350 197820 480850 189590
19817 44644 435341 513494
246826 223516 481588 300038
238105 306426 113850 439265
186832 145897 155363 368892
515684 507598 368120 282830
59206 518271 441830 261105
236683 247072 375464 290149
135575 13945 7050 416521
251936 314661 441042 345429
383234 62968 442961 6982
454655 352006 361362 129999
148859 122294 116705 51435
435466 268990 84231 74061
172301 498855 520967 133133
186846 178215 459754 328539
449372 324925 399486 240913
183341 92206 356923 395408
125601 345651 450764 332283
122581 206611 276303 8996
431763 338630 245312 345471
44385 100091 46984 277342
210971 425626 184314 121583
456154 506238 396635 201000
317055 235059 333052 43199
241538 135433 30119 27199
293743 476132 431748 186832
215075 383270 375535 11376
51493 361416 205730 93376
253963 106141 318636 167077
166058 296803 179012 346170
486655 335056 464100 423165
108075 110844 90540 247838
117672 106129 412181 72991
238806 144629 23007 188069
167291 433195 289424 478849
263669 144160 439248 271334
501745 429355 333095 2943
375078 449765 457378 128429
132790 148266 286223 345439
289023 241058 218304 165369
286449 16432 74435 434294
117496 333529 264950 223586
516678 20816 503137 310545
196966 90262 168466 101476
416443 264056 286755 392333
19768 58019 170490 401566
124881 99000 212510 75546
433873 214695 345394 13787
126806 165304 416835 20535
22441 519059 128841 267535
174848 436919 275166 482903
342520 10932 24861 199074
266944 95242 171454 318436
341392 266882 398237 176714
328392 48040 33478 395008
206645 345287 46053 60714
477798 9408 247687 395290
105065 457455 365759 322081
401016 423032 60559 346254
438263 297953 124598 439359
464150 524067 347302 514327
