! 184977 113318
" 364565 257385
# 175792 214172
$ 364467 346167
% 36220 449689
& 174652 24955
' 377192 433412
( 217043 404207
) 468603 157506
* 182751 371151
+ 262060 32191
, 435249 363291
- 290741 369228
. 260191 470029
/ 28041 123723
0 391068 307332
1 327010 76364
2 364660 193940
3 77692 151532
4 394686 418736
5 25126 337500
6 207162 134301
7 95628 477271
8 368045 363719
9 392051 480593
: 63083 319966
; 361015 340171
< 495093 466223
= 371438 5183
> 230684 390028
? 375227 414925
@ 351221 319387
A 328361 337406
B 147642 377094
C 353585 219296
D 17154 155126
E 358851 57782
F 30115 334964
G 268334 111075
H 193773 61090
I 325950 183852
J 454100 438663
K 415229 133740
L 240889 102440
M 464929 425404
N 381284 219140
O 335757 319900
P 372444 220677
Q 449470 507244
R 8523 88326
S 471765 384826
T 117628 474787
U 328565 41502
V 180443 339853
W 498732 411274
X 414136 107179
Y 515984 263980
Z 428549 235414
[ 386676 260427
\ 274213 201200
] 221197 320940
^ 226931 295900
_ 49578 132742
` 175583 270893
a 89387 444844
b 261788 47020
c 399200 94649
d 379437 52544
e 277317 463748
f 285179 159310
g 153866 469212
h 491095 448843
i 252906 292885
j 191729 445421
k 486019 372556
l 501928 461938
m 199582 162263
n 462568 44504
o 96839 429701
p 184122 359670
q 409863 462131
r 35341 83801
s 132434 160442
t 147173 239697
u 288507 70264
v 362422 299436
w 368794 258450
x 346234 383953
y 212162 408238
z 237117 112757
{ 488961 389565
| 243275 210848
} 415453 347041
~ 514155 186472
